Simulateur de logidule V3.1
900
700
Inverter
0
300
0
LedV
700
400
0
AndGate
300
200
3
AfHex
700
300
0
LedV
800
400
0
OrGate
300
100
3
XorGate
800
500
3
LedV
300
0
0
AndGate
200
200
3
XorGate
800
600
3
LedV
500
400
0
ButtonV
500
500
0
AfHex
400
300
0
DiaLogi
0
0
0
AfHex
100
300
0
LedV
200
400
0
ButtonV
200
500
0
Wire
588
476
294
281
Wire
288
476
282
281
Wire
563
476
269
281
Wire
263
476
257
281
Wire
538
476
245
281
Wire
238
476
232
281
Wire
513
476
219
281
Wire
213
476
207
281
Wire
863
618
869
581
Wire
838
618
845
581
Wire
813
618
819
581
Wire
388
76
388
118
Wire
363
76
363
118
Wire
338
76
338
118
Wire
313
76
313
118
Wire
863
518
863
476
Wire
838
518
838
476
Wire
813
518
813
476
Wire
863
618
369
281
Wire
838
618
345
281
Wire
813
618
319
281
Wire
588
476
894
681
Wire
288
476
882
681
Wire
563
476
869
681
Wire
263
476
857
681
Wire
857
581
388
118
Wire
832
581
363
118
Wire
807
581
338
118
Wire
382
182
394
182
Wire
538
476
845
681
Wire
513
476
819
681
Wire
238
476
832
681
Wire
213
476
807
681
Wire
213
218
307
182
Wire
238
218
332
182
Wire
263
218
357
182
Wire
288
218
382
182
Wire
345
182
338
218
Wire
319
182
313
218
Wire
369
182
363
218
Wire
188
381
163
381
Wire
163
381
138
381
Wire
138
381
121
381
Wire
438
381
421
381
Wire
463
381
438
381
Wire
488
381
463
381
Wire
121
381
81
387
Wire
188
381
421
381
Wire
388
118
357
281
Wire
363
118
332
281
Wire
338
118
307
281
Wire
313
118
788
476
Wire
888
618
888
476
Wire
738
476
713
476
Wire
763
476
738
476
Wire
713
476
81
387
End
