Simulateur de logidule V3.1
800
600
ButtonV
600
500
0
Inverter
700
400
3
AndGate
700
300
3
OrGate
600
300
3
Inverter
600
200
3
NorGate
500
300
3
LedV
600
100
0
OrGate
300
300
3
Inverter
300
400
3
ButtonV
200
500
0
NandGate
100
300
3
AndGate
200
300
3
Inverter
200
200
3
LedV
200
100
0
DiaLogi
0
0
0
Wire
238
176
212
218
Wire
212
284
213
318
Wire
207
381
212
535
Wire
219
381
237
535
Wire
212
535
312
484
Wire
237
535
327
484
Wire
107
381
212
535
Wire
119
381
237
535
Wire
213
176
113
318
Wire
263
176
388
318
Wire
327
418
394
382
Wire
312
418
382
382
Wire
613
176
513
318
Wire
638
176
612
218
Wire
612
284
613
318
Wire
663
176
788
318
Wire
782
381
712
418
Wire
794
381
727
418
Wire
712
484
612
535
Wire
727
484
637
535
Wire
607
382
612
535
Wire
619
382
637
535
Wire
507
381
612
535
Wire
519
381
637
535
End
